011281
048980
049874
010797
004493
012761
009848
006705
012271
000324
010793
013214
006644
011097
001094
048825
006109
002723
004397
011463
008724
000634
002092
000822
012961
011066
010973
001253
049937
005738
006799
005479
009225
008722
003589
013363
050084
008299
011565
004508
005098
013258
001944
002586
009932
000449
048502
048707
011373
000309
011277
009448
009884
002306
002947
000643
013227
007364
011459
004657
003253
001487
050051
049764
007942
000859
003441
007418
010314
003332
009195
009875
006952
000850
005045
011336
009524
004051
009309
005854
009658
049747
007236
049476
049920
006778
008137
010287
007971
009712
008962
048676
010255
050027
011070
009446
049680
007258
005084
049490
007127
004416
004634
004607
007160
001369
049487
009133
005217
009342
005749
011236
004735
004319
012062
010477
001062
007755
003045
006887
005851
006195
008186
012832
006358
004966
003873
005213
003616
004195
003105
008436
006468
004224
003222
008055
006649
005608
009518
005930
004514
001122
007653
003744
008244
007643
005981
011238
004896
010959
000137
002417
007891
002856
006350
010568
005143
001299
008439
009107
009967
000799
010003
006047
008599
009768
005246
012415
049262
048730
008204
001959
001618
000252
007919
011030
001714
000206
006054
003674
000350
010447
010229
009216
003267
002215
012586
005892
010067
050145
001115
013098
010600
002718
007815
010675
000288
049009
005954
011269
011561
001506
007704
008541
009914
003244
007763
008817
004724
010968
010478
005748
012482
000745
001812
009695
010457
050149
049928
006285
005373
001137
005885
004536
048566
008268
001057
004777
002001
006895
002252
008888
006331
049651
002464
003622
048907
004322
001007
003855
007566
048481
011151
003269
050178
004812
049366
008491
000317
012838
050059
001061
005754
011578
008842
007240
000656
049152
009370
013538
008654
011774
006031
004315
002465
002091
001039
003072
005006
008903
003391
011821
002245
006390
013562
012861
009460
003688
000118
010778
005965
049325
012842
005767
004468
003455
010126
009641
010911
005843
006633
000217
007370
011438
003207
007401
004594
010268
009187
005793
003639
002057
009058
000827
013265
005549
005679
000678
049564
012186
000959
006988
010831
009604
007647
005398
003130
010589
006657
013300
004420
049819
001258
013428
012270
005206
011142
009429
009535
010636
004435
001804
003647
002649
009960
002759
005795
001323
007799
000381
010971
050116
009841
049235
002804
011491
001342
012171
009169
001248
049237
011921
004884
000293
007982
048922
049673
011877
012082
048516
012140
006989
010295
010231
010875
008446
007675
009986
003504
007389
048567
011397
000071
009445
012585
008393
012331
002869
010158
007925
049776
004045
006930
001450
008729
011359
002950
007204
011897
009075
001881
012862
048764
002390
049469
013093
012662
002493
011809
007929
003687
010139
007238
009706
049685
002862
050103
006349
012092
007709
003903
005265
012733
004458
010949
011333
002808
049604
049786
000702
002343
007931
011646
008704
009642
006470
006757
049733
004335
004494
013088
012500
010325
007774
001043
005091
008175
007254
003976
004552
009710
049260
001434
012715
003941
010803
012276
049466
003565
002455
006487
002269
007168
000700
005976
003034
050127
000865
006272
011502
001569
010052
000441
048468
002106
006951
003489
004074
007577
049248
005105
012915
048520
001180
000844
012919
002152
013559
009501
013102
011670
008037
001519
013550
007966
000445
013074
006375
013512
007687
005575
008417
048827
049026
000931
002585
008272
003486
011282
000481
012570
003661
007310
005313
010627
011630
006536
004440
011273
011208
005234
008608
013229
010332
003981
010827
013138
007892
001784
011016
002471
011320
013055
013399
006634
011003
007783
012113
009846
003712
048807
011647
049078
004344
009414
001245
012574
011572
000731
004220
007344
012998
013200
000620
003123
003436
049381
010985
007973
002584
001776
001710
008547
010729
012000
009163
002854
012906
010468
003902
004205
003053
005277
011843
048544
012239
013003
002863
012003
001413
012060
001227
003154
006400
011915
013037
001782
004664
007049
007778
003833
008339
049412
011750
005110
002371
005276
012286
002126
005489
048699
011064
005926
003572
005478
000125
008572
004412
000564
008336
012721
009059
048546
049363
009007
000764
009004
009247
002483
007990
000665
008566
006452
011525
010253
003001
004276
011367
010843
011219
000183
000379
004491
006965
005379
003070
002877
000962
049524
012953
009025
007071
005912
002291
005136
013318
010127
049036
004600
006387
008824
011181
006176
010979
000652
003625
004352
002275
003115
004694
001870
000404
009976
008304
004679
011372
013301
012247
048887
048602
009223
000140
001181
006749
006266
007329
013230
006950
004901
013002
001728
012623
049388
010609
008298
001551
004409
000382
003410
012788
007010
013077
003096
009037
001619
011204
002855
003877
007610
006794
002728
009816
008709
008032
006025
004711
005960
012535
001800
001047
006254
002388
000828
003164
011338
004996
011261
013303
001015
004879
009508
012245
000393
001068
008830
003787
004500
002361
006699
049767
007163
012932
009927
004467
007436
049053
001610
005929
001463
008432
007898
013456
050099
002075
006605
010366
008874
005952
010476
004024
003459
012443
007281
009693
000414
012372
005812
012230
012691
003095
000247
013354
049834
008825
004169
011324
049815
011518
012887
004026
007280
011376
049287
048575
010256
000691
006735
003764
003316
009341
001067
011790
005987
001396
049975
008501
010524
010792
013223
007533
005743
048479
010530
002129
049349
010289
006136
005260
011404
010898
005889
003191
011879
012643
013411
007073
003715
002025
007816
001144
008365
012132
000253
003278
049845
011077
000697
006897
002503
005799
012249
002746
010511
011677
006405
007147
004469
000302
002484
005383
011248
002188
012366
002741
011301
000670
006905
001904
002236
006853
003300
009767
003477
007085
011134
049527
005188
004603
004821
012011
002853
005474
004279
009022
008931
013244
001626
049806
048453
007119
008466
012161
001699
001033
008096
012777
010769
008473
010883
048957
011035
004484
049273
013334
003065
006564
050003
007513
008380
010574
007714
011951
007681
005664
001056
012739
049259
013447
001742
005449
004765
011197
002528
004492
012381
012713
002331
049170
012569
002518
010010
002704
049731
004227
010188
003898
008145
048637
001575
002934
012712
008813
003369
002457
011490
004212
006970
002607
002633
006780
008120
000410
010539
007475
012496
010507
009290
002574
003260
007499
050022
001725
006346
048728
006420
003889
009778
005759
013052
049598
001188
012441
011079
006766
005696
003980
005827
001674
008263
005702
010361
005147
001513
010316
049110
007362
002529
049507
004433
009907
000221
006857
004133
009957
004704
000474
012289
004313
006378
010280
002979
008147
048394
003056
009174
005856
000152
013475
000184
049693
001879
012968
005917
000993
000835
007636
004743
000047
004774
007033
009660
007173
006800
003473
009222
013078
006571
012591
010817
006483
000797
050141
013032
003768
005035
004122
007536
001473
006968
050123
005944
013504
010771
002839
006281
048610
000358
010836
008207
001147
004038
001064
006016
007631
006425
002988
012487
006690
012026
007259
009338
011355
012116
006451
050107
006459
004682
008868
011523
012169
049183
008324
007848
004165
004978
011861
000988
001937
011292
049996
002043
012368
002650
011520
004691
007171
008933
000408
006532
002273
050045
007665
006966
000415
008108
008788
008973
008159
048677
013212
000936
003817
012251
049762
011187
011360
001780
005781
005292
048416
011322
009754
010569
049667
009081
009548
013115
000537
008457
006646
011323
008092
006306
048939
005850
013450
013264
004291
004277
007955
006805
004965
001346
005351
012912
049074
003620
001967
049510
012409
008274
007415
003703
009111
050101
000742
007357
005726
003778
009407
004831
005211
009196
012031
000086
002664
010285
002227
007400
009521
006947
013225
012821
000679
012440
012090
012656
049394
005966
002263
011275
010551
011391
049120
004353
007423
002088
010393
009966
000497
010022
004255
007509
006260
049642
004072
003315
010630
003334
003505
009165
010814
004746
003383
010810
002783
004689
006458
011778
049649
005849
001415
013402
007079
006303
007380
012356
012501
007767
006508
007922
012244
007663
003986
001972
011682
012744
002951
008034
005708
003784
007992
003677
005236
002805
011311
003772
008686
048819
003476
005796
013369
003401
004968
009162
000043
048528
007964
002271
004861
005353
007977
008620
048473
010692
010700
048483
011688
011497
009313
012791
002943
008187
005380
003208
012854
001536
011423
002975
008723
002284
001565
011358
000579
006341
008069
010922
012759
008425
011564
009937
000644
048946
012892
006118
003968
011781
049181
012155
008100
010709
010422
006831
010418
010619
005146
004382
048464
008504
008216
006222
006743
007811
004818
003618
013445
048685
048652
005400
000909
010772
003773
001787
001789
049199
001328
007781
050094
008001
008277
000612
004108
004121
000905
012075
005477
003816
049154
005167
008662
001020
003912
005632
001335
008156
009817
007968
000087
011878
004060
011528
012990
009576
008297
049454
009481
010902
012543
009507
006099
011053
008752
001501
005988
010576
004810
008869
002189
006213
008702
006939
009897
000730
002000
010290
000853
000146
013167
049645
000756
005361
009780
006105
005875
003452
007930
010518
000085
004553
005154
012411
049795
004954
050175
010096
005225
007765
003806
002440
001877
009796
001574
001557
006534
009704
012403
008008
008878
010595
005544
000955
010331
002582
009595
010083
007223
002026
048510
009459
008359
009043
006086
006049
049032
007607
005831
010114
010069
006283
008589
000622
004751
013085
005514
000076
001938
001547
011625
001277
049090
003915
002174
001305
049373
007572
007810
011147
008288
004744
006325
011162
009178
009562
000431
013118
000917
006862
012804
010800
012341
008571
008970
007265
001559
000164
005287
011609
003844
012924
004486
005129
004973
008619
009761
004284
010409
008269
008909
002020
001313
003348
050130
049536
006809
001214
009239
000639
012396
002929
012184
004201
011953
011455
011247
002444
006914
011887
003867
001353
008811
002105
006673
007188
010414
012634
011820
010394
049272
005881
004450
012888
007956
011493
004688
012436
001006
012210
012358
009415
007328
000991
003520
000002
011891
004722
000037
049182
006079
003426
002408
001611
011671
010914
012378
010869
006324
008642
008730
001433
049284
010368
006579
007985
008481
000274
001646
005040
000108
006313
005179
009419
004476
048977
002476
013156
050176
004221
011824
002136
004373
005128
009810
006929
001386
005376
012266
009538
010903
008315
013434
004529
003198
006339
004813
012223
012055
011874
009095
011081
009597
008925
011604
048832
004283
000359
011660
001763
011535
048778
012127
009694
049738
049234
005360
013546
003645
008057
010150
012406
002711
007366
011155
048763
005411
004307
011340
007303
008920
004693
005568
013331
006829
001232
001271
007614
003026
001089
049383
008482
013172
002318
012260
007646
003480
050171
007886
005871
013161
000699
002751
012958
008981
002575
001054
049713
011136
001687
008349
006587
005388
001638
006603
011627
012040
049803
049840
006859
049225
011328
010534
049056
004630
013017
003554
011818
011990
000795
011686
006353
011033
000584
011015
002456
009134
012737
001834
011919
007725
011826
049358
010387
010981
012391
007683
005472
050180
001182
002210
006756
002290
048916
012877
006395
008758
048988
011186
007592
005145
009735
012857
002208
000855
049936
001483
001840
048582
011037
007623
049324
007269
007440
007023
009312
010499
005681
049323
011137
049127
010076
009455
001585
010967
048752
009304
002238
004962
006924
008609
005077
010689
049302
009950
003849
008797
001079
013461
011638
003865
002015
008480
010561
011991
004658
008950
049839
003174
000602
010423
006519
002274
010573
006750
048810
048911
012575
000273
007091
010259
013169
010835
009543
010501
003566
001249
049889
002445
007961
010302
004838
008576
003339
013141
048644
005786
004923
005721
002823
049339
005735
006830
010260
006301
007696
012845
003246
002396
003086
012065
000896
000926
009632
048851
003892
012514
012946
012735
006741
002049
010685
005586
000154
006142
012743
001069
003055
008808
007084
008338
001207
004575
049468
003808
011587
008317
006365
010456
009690
007256
013561
006498
049143
009323
007407
048438
002477
004414
005979
013342
013159
001112
011107
000573
011854
049361
050115
002285
010443
009274
006511
006218
011893
001897
007801
012922
009511
050153
007537
006916
005011
000335
049223
004404
006520
005267
010066
009619
010017
012422
049369
005712
008573
004029
000942
011228
001428
049057
010719
009910
011607
001753
010647
048568
000580
005510
049930
010281
010622
003606
049118
049967
011700
007601
004028
010232
049571
005302
004049
001055
004104
010588
006997
049881
013136
004086
009349
002309
005153
048874
005635
002340
003153
009079
008088
012099
008826
012536
002589
010790
007775
011161
013018
008648
000574
013041
049681
048701
010628
010369
049458
002053
008679
013451
008983
008319
000510
049411
013433
008294
011863
005010
003064
007661
009893
011259
002071
004048
000527
009769
048849
009252
000681
003405
003349
000052
000856
011387
001745
010021
002792
009475
009433
010217
049404
007547
004252
004872
008429
049694
049108
005723
006980
005592
008238
000866
006494
048795
009295
009672
001525
006834
008559
000120
007388
049695
004128
008635
007411
001493
004543
005998
000175
004297
002764
049483
001108
005948
003683
007671
050044
007462
000524
007126
004550
012385
049142
011562
011930
001790
011052
049722
012312
005208
049050
011765
008616
013134
008091
006907
001416
002977
002089
000632
009331
002433
005872
006765
010390
008477
002378
005305
009314
004915
048720
011504
009707
010986
012057
009221
008820
008583
007374
005866
002594
005466
011488
049702
002611
048836
013254
000738
001374
001106
010491
006398
050136
009831
007746
011139
013286
001355
005168
007735
013483
008761
011928
012215
003384
011140
008106
001011
007086
005247
008251
000560
012029
009193
048925
006769
008413
006159
007346
000732
002562
000224
001178
007812
000027
006082
001152
006898
008685
003292
005515
050021
012292
013336
012917
049917
010207
048580
009013
050186
001029
048487
011164
002844
008290
000684
007316
048978
005899
000059
010183
009052
004460
006590
049792
003346
000660
002688
008309
049671
011353
010678
049781
009209
009083
010142
012117
009855
011653
002850
048709
007406
007950
049051
009659
003215
049168
006000
008871
009742
000882
012577
009882
010515
013366
008548
010839
000630
049701
003233
010853
012284
008103
002030
004270
007276
000916
006110
006444
003185
000762
008651
000886
003793
007167
006316
007582
002354
011264
002183
009173
049347
048843
008755
003621
007726
012873
050117
006956
010633
004725
002418
048953
001107
007682
005142
008618
000277
009858
000915
006733
013009
012541
010711
003943
007395
001893
011365
001783
002683
013511
004085
006060
002406
008555
013540
007200
000238
012502
001909
011956
001554
048927
008362
003972
003587
009256
002209
012190
011973
005405
011163
002656
002137
049017
009703
011307
000659
048633
049661
008575
009001
010939
048521
002767
013390
009853
000834
004780
003311
049586
009989
048634
000142
013396
010378
002221
013121
001730
010133
004832
000971
049827
005604
011226
003822
000930
008908
011842
002008
010812
004171
013463
049313
012334
009299
011642
008570
011051
007277
013392
048505
003049
049857
013012
001036
007807
008364
010575
049501
008544
006278
008035
004742
008549
006412
005556
007002
004111
005490
050148
049635
004137
012459
005821
007302
005397
000595
048747
012772
008255
008727
006732
013391
004273
006323
005403
049580
009158
004828
002218
005579
011617
049362
048822
008932
000975
006436
011933
005893
002325
050055
010736
003512
001484
048540
012185
008684
004447
002559
010920
009132
011280
012981
012046
005628
006388
007730
012146
009069
005138
004145
050150
009011
002310
012671
001759
010645
006488
009024
008211
050135
009813
011458
000873
001738
001100
000550
000330
009012
010863
001925
006135
005037
006221
007405
006244
012119
000570
003411
006933
007743
004441
006326
000511
003219
007634
011799
007884
012427
013404
049433
006455
009608
003202
011257
049451
008963
007096
005415
009334
004877
001074
000715
009644
002842
006581
003146
002705
006291
005722
010890
049045
005610
010072
013346
001905
007786
000212
005614
006530
005065
004251
008641
011536
005131
001998
008835
011473
003513
001665
013220
012347
001686
008366
006622
000122
007858
009150
000943
003148
012360
012790
003770
005007
000045
010431
005911
000480
005289
049379
003709
009353
001117
049952
010441
006055
009324
002787
010265
008363
049870
012872
007684
004624
009104
005460
000426
005804
012781
000329
011049
003684
006096
006057
000672
001952
005164
012357
006169
009354
006801
002166
002443
050025
004073
011013
009217
010087
002527
008044
001895
050106
049029
006817
013516
048513
013084
001939
008493
003066
002550
003442
007244
010000
005108
010571
006775
003569
050076
009616
008695
005069
000394
011559
049623
049000
008849
010672
000812
008528
001940
007609
008500
005863
004870
006696
010204
001306
011954
006368
003724
011662
003030
012916
010483
004009
048603
012492
009361
004398
001648
006091
000392
004149
012108
005047
049330
048640
000402
011969
009197
007397
012180
007030
007189
009899
011636
010751
011588
010816
003085
012498
001650
010351
007128
002768
005286
004010
009650
002093
048708
009982
003129
000692
010262
048664
007445
048422
004114
003004
004771
007808
007149
002251
008837
001143
010309
009487
002226
002069
005808
011563
007488
005761
002050
013533
013059
002637
008577
011902
012695
004733
010809
049669
013485
000849
003313
008839
006484
007905
004615
049811
012760
008051
012613
007270
003241
001370
008368
001690
008942
012013
000081
000970
002098
048545
003642
000153
049682
050018
002403
011590
007568
048714
012826
006102
002337
003433
012813
007660
013502
049944
005483
000291
049611
001910
010213
008133
000166
004739
004426
002225
006731
049445
001539
000820
049876
009698
001752
011483
001807
004754
007822
005229
002702
008799
000351
003702
007589
049107
002872
011496
003636
009794
000077
004662
003868
004172
003180
003975
006992
011431
007284
002829
000689
048431
002311
048945
011892
003368
007700
001858
001656
008026
011796
008579
004208
004637
000640
001516
006788
008385
009686
001158
001994
008190
007320
049575
049027
010737
005169
008444
049208
001824
004167
002220
013151
009384
000720
048486
002857
013155
007564
009941
011436
012984
006886
002298
001579
005049
005485
013343
002216
003160
001458
000456
005705
009613
013148
002167
003289
001932
010819
006330
010913
049455
012684
000024
003181
010716
008590
049705
001933
048565
001326
008243
003888
008927
002816
013010
012018
004118
008535
010311
048472
010470
012664
008047
003080
049957
002255
002731
005218
001645
009578
010401
049553
007287
008027
012677
005835
012219
000209
006392
049484
006861
048608
049577
012553
012307
003999
005982
010944
000462
007421
009374
013271
013470
000178
005639
010266
004077
048789
006949
013460
012283
002803
010726
010885
000677
012278
008058
007471
049525
010966
049842
012402
004234
000929
002315
009666
048885
003471
006257
004766
002118
011779
012425
049211
003939
003252
003665
010252
049219
002861
000389
005977
005542
012568
003308
049155
004163
008564
005152
012123
001465
012552
001890
048413
049618
012853
013008
011706
012632
000810
010684
012927
005688
003378
012258
049877
003114
008114
048691
008883
001497
002638
000792
007065
011263
006002
001864
003600
011519
008980
000953
000148
000811
003184
011975
006572
007543
010106
001042
010346
006270
048855
004454
010147
007272
005513
049886
011318
010770
010439
008358
013521
048651
008646
006170
007420
009124
008343
004475
003802
007413
012828
006593
010460
000323
049953
009094
006480
013282
012793
005244
007842
009232
013422
003992
049185
005476
005171
049838
011616
011416
010705
010212
011450
013049
006535
049070
012156
049351
005016
000707
000214
009100
009287
004534
010235
009968
013448
009072
049004
010634
001535
049236
009344
013308
005746
050093
010090
003076
048578
010249
002932
000307
001673
007195
005672
005797
011124
048672
049674
002920
008678
003288
005802
000840
003490
001671
010353
008795
000854
009038
013384
006953
008997
049115
009671
007538
003249
006473
049774
006018
007719
007624
008125
004583
012720
010122
006147
012679
009854
002534
007869
009064
003047
007988
011505
008921
003275
007736
011898
003171
013042
008182
009255
001475
011218
004982
002522
005363
011102
010308
048850
010024
010082
011185
012630
007616
000202
004193
009375
009931
013046
008683
048744
011006
013082
008450
049364
003403
007694
007959
002480
005159
005673
004660
002224
007305
049531
049779
012387
012840
013050
009593
049087
007567
009682
008870
008494
010717
004190
005386
012168
009092
010496
005765
049135
004092
004119
002161
007947
004721
007018
004115
002513
049061
004280
008991
005934
005447
009438
007428
012493
000325
048994
006652
010411
009250
009286
000210
009400
009844
006259
002983
005776
001171
006852
006860
003367
012125
002428
050125
003670
009732
049725
001243
004836
011553
000057
006093
010341
000326
008224
050034
012469
011870
012718
001854
005530
001031
002913
007626
006556
002349
001211
009279
007549
010667
001558
009462
009947
007341
013187
007203
008732
010216
002739
008966
000396
000487
011714
006786
013548
011157
003158
003597
002789
011544
010761
049727
011145
003231
005662
009311
049625
006153
000705
003444
049600
049945
008692
007573
003370
000598
007399
004095
009071
010326
004489
050151
012274
010330
048460
050122
011641
010121
005443
001469
049593
049304
010808
011946
003926
012118
012900
008540
006565
008819
004619
010697
013168
010463
011792
001529
008111
012316
048913
049292
005620
005172
001222
000790
000128
011381
008357
048896
008038
008136
005216
007285
006115
003318
012905
013016
008502
006275
001198
009730
013539
003466
004527
002289
006106
011755
005344
002818
005553
003531
000096
005650
048552
013149
048880
010508
049389
012555
010123
012611
006837
049971
003326
008141
010315
010080
003751
010956
010380
002888
006730
003652
010313
011234
049511
007094
012154
009348
004963
007502
011386
003820
048898
005890
001462
007830
010277
003914
001708
003355
000903
049517
049697
048868
002761
049587
049617
010710
005245
003203
006894
003911
009557
012967
002865
000102
008273
001543
003990
001556
010031
003139
008485
011231
008814
049037
006404
004590
008479
012226
009675
008411
007017
005469
001866
009492
000251
002885
012324
012329
003011
010304
007578
049011
005301
007174
049921
013513
012693
050098
004930
011527
002762
007761
007900
005425
007140
012841
003717
002619
006370
009204
007520
049821
003632
005946
007782
004837
002661
007098
010754
013173
004626
007680
012426
008772
004889
005366
049064
001852
009896
008521
005422
004703
001303
013332
007059
005945
007818
001945
011171
006426
010824
006029
004199
002940
005334
011127
001466
006155
007975
007987
011883
013117
000973
001472
003655
050058
049991
004878
012807
001855
000176
006177
001156
000696
009458
049654
004327
008601
048666
010440
000436
006394
009936
012882
012050
010548
007618
048740
049798
007164
004444
004919
006472
010876
048615
008538
049664
003650
011639
011978
003893
007796
008025
008212
008498
009692
012871
049566
008728
012622
006234
012875
010046
000129
009633
004117
000040
012824
006514
003380
000766
013297
003118
010094
001309
013144
002626
000341
002991
000957
008053
003908
004278
004082
000636
005170
002930
011949
048831
001768
002242
010012
001053
011515
007546
049988
011479
009258
013221
001891
008701
007323
010748
048941
000386
011437
002244
003392
009063
003987
003522
011828
003387
008329
013420
001541
007197
005755
011857
048711
011021
008202
008626
005915
006777
007885
001828
011380
004806
001643
001455
009403
010097
006680
005811
010982
011149
004642
007832
010718
002919
000994
006945
013291
007772
013530
012608
000635
011293
009028
000292
011131
001604
009131
008838
009469
002190
000649
011258
005450
012043
007361
002998
006044
005540
009266
009451
007245
008225
003698
000966
048760
050042
001153
049291
008085
050162
013374
008892
048625
003920
012397
013224
007484
000269
001478
007481
003432
001951
011356
005441
010050
008603
011331
005355
001155
006192
004083
001354
005626
003607
004184
013111
002967
012416
005666
001903
001560
004401
010904
013213
001356
008972
007655
003781
006209
010419
004070
003102
011556
048512
005148
000257
050166
000145
011201
000969
011822
005870
050131
011444
009859
049963
010279
009977
013011
003422
048553
004138
003038
009865
008205
012597
005505
008017
009600
048952
048912
002172
001432
012183
005341
049148
011135
049573
004672
007586
008220
010912
000489
008760
048812
012042
008885
013510
013249
006499
012719
005457
007429
008029
011568
008469
010683
000372
048800
000035
049263
011109
000883
009329
000098
004511
012374
049810
000823
049474
003811
013257
002415
006621
049191
005918
009621
009504
005939
000036
000985
049444
004938
049215
049374
006655
009674
002601
007495
002965
000836
048726
048821
011802
008126
011225
049080
012636
003077
004829
008353
013051
007158
002307
005100
012237
006867
000245
007181
001599
013207
009911
003692
005356
005162
000894
000147
010140
002430
004002
013345
049431
012225
004942
010085
048671
010796
000334
001382
050075
010874
003440
000565
010849
049558
004659
049159
001653
001479
000605
002933
004263
007998
013302
007834
000194
012786
013499
003964
001151
010275
004601
003814
004589
002905
013378
006338
006667
001832
001459
049741
004570
011271
003540
013287
004708
010794
009332
048455
006722
007793
006062
013211
005636
010455
002212
013029
006309
009378
009821
011958
000740
009827
010535
005432
012651
009887
006190
010815
006568
004521
010655
008256
010128
005378
010226
001162
001496
009297
002754
001773
000405
004378
010723
001482
011470
006184
010976
011906
008769
003637
012947
007113
008115
011106
006526
007193
003708
011554
003982
009277
049117
006701
049537
013416
010015
003028
004421
012768
000139
010084
050009
005399
012109
012250
006342
004848
005864
000674
005406
003815
006614
005675
002272
008016
004452
004143
049111
013455
006964
009450
000904
002270
011692
004289
005686
008595
009190
001980
003389
009549
005657
002321
006359
000949
007908
011645
049206
000476
006798
006630
000260
003220
003910
012818
011631
011644
005297
049634
002769
003771
009803
049754
004001
005390
001977
008655
013362
007552
000195
005653
000170
011207
012589
008188
003856
003177
005318
003686
001025
008296
010715
048964
008650
002058
010459
004560
006793
007229
003351
011541
001320
001548
005288
048613
011548
003673
003691
010465
005832
013203
000088
011871
003905
012640
003406
011146
007267
008672
000004
007722
010851
002973
000578
007384
004080
006435
012202
010596
009205
008033
010088
006167
050035
000794
007130
012898
007315
002505
013199
009724
005176
006149
007358
007570
012921
012565
000083
049861
007620
005933
050181
049177
049475
009921
004910
005090
009206
005251
003930
001260
007289
007648
003747
002952
004580
001607
003615
048632
050118
009254
049522
000471
005339
048904
003329
001030
000276
007723
002308
008792
001894
002488
012083
010329
011394
012963
000654
011024
001348
010884
001705
009878
009812
008801
011375
049486
002599
049317
008241
007438
012714
003679
007242
005008
049257
005546
010270
049097
008424
008510
011912
008796
009657
049778
006289
009471
005742
001582
049280
049316
001226
006931
002267
012752
003951
009622
050168
000200
001550
011334
001446
001720
007727
000187
005118
010223
007184
049856
048599
006869
001255
048667
009161
048906
009372
006497
004757
008957
000429
004126
002383
008166
048620
006618
003510
012784
003443
003276
013252
005970
010307
002657
008183
011834
007820
003874
002963
012424
010263
004266
012111
002597
005655
011019
006183
012051
007917
009514
012792
005581
048549
004042
001072
010745
010042
012456
009136
011924
048690
010644
008071
008370
006610
009453
013210
008791
004558
005419
000588
000499
011010
003016
007695
001093
000278
005855
011441
049232
008110
006014
006940
006030
008855
048808
049940
011309
010347
002324
003043
004854
004992
003375
003501
007849
005704
012511
006263
006790
013131
050191
009994
011466
006963
002223
007261
049775
001598
008710
010435
002846
010577
008237
050190
009701
013545
012002
009581
012038
009010
006613
006863
006216
010919
049830
012731
010516
001965
003472
005484
048392
011250
003900
000069
012583
006397
012439
001270
007909
013487
012138
005905
001662
013446
005193
000003
004740
005913
050142
009849
049439
010264
001511
003221
013048
011133
011022
050057
002266
004541
004886
004898
050069
012497
013355
010349
012136
049884
048958
012321
007642
004537
007673
009473
012825
011960
012100
007686
011448
005437
000910
003020
010328
008889
001899
008895
002530
010242
007895
003969
012041
009684
013242
002258
010283
009272
011596
000390
010014
007779
006560
006165
003128
013414
010381
008275
004515
011955
008911
008947
010978
001359
006691
003678
010673
000532
010657
010060
012817
010558
049974
004387
011869
002794
009365
007054
011927
007433
003543
011475
012551
009918
004875
009159
007831
003721
003634
004811
003344
011452
000825
003141
007074
006428
013412
002628
001723
010197
009456
003548
005991
012935
000906
004681
049022
013075
008783
004436
011245
001087
048655
002632
003363
012056
002578
000468
005509
009779
005539
007122
006698
011212
010248
005690
002641
012902
049547
010227
006946
002204
003385
049174
009737
049526
011628
004989
010434
000739
002401
005151
006336
012779
008234
006137
010041
013235
006663
005412
010286
012306
007741
002668
011920
009939
002514
049216
010783
012479
049104
004206
005364
001655
048985
048538
005566
004971
010134
004776
011332
049739
012980
005576
050124
000628
001116
009431
002749
007138
002489
004791
011926
013040
048866
049717
002729
005789
048661
049405
048700
001743
004793
008829
002725
049594
011153
002024
011287
006090
006080
011803
005823
011811
049079
048802
005183
002039
009288
009901
012365
010051
000439
048592
008777
049780
012940
003015
009251
048485
000015
011249
012521
050062
010606
010234
002874
003519
006011
013503
005695
001771
009838
005772
006287
011418
012120
001769
010074
002404
012619
010118
010669
012956
001806
010002
012414
002214
005805
006037
048947
005448
013476
008083
003940
007154
006910
002784
009797
000846
012663
005042
009315
009554
002851
048631
010666
007883
000750
001142
009751
048853
001330
002985
002205
005262
002232
008398
010514
012673
002838
010892
005082
049942
011872
000769
007025
009113
007031
049882
001688
008786
011430
005385
012513
012359
005141
008039
000272
049414
001267
004782
000256
012300
011283
002367
012137
002895
003962
003132
008328
008881
005160
006089
000951
048734
049916
050189
009582
008517
006130
005088
009494
005624
001912
005420
008045
008258
002957
003704
011025
000091
007745
010522
010461
001853
048611
012293
011093
010961
049212
002742
048970
003796
003190
005752
005041
000583
004585
007833
048514
048445
010362
013058
004168
008231
003061
010750
002492
013004
011500
001950
048475
007693
049823
009801
008449
049319
004076
003701
000494
000551
049675
004984
006140
004551
003648
049479
009363
003407
013034
009718
000380
049497
012495
006268
011546
006194
000385
007225
008610
010400
012221
003257
011764
011403
010124
011807
005238
001225
011429
049167
048618
003218
011270
004245
049752
011882
000172
003251
007082
004865
007042
002151
000443
008377
006961
010964
008179
002063
012491
010505
005175
004964
049242
000902
049352
001456
006243
050157
004990
008567
010541
000162
002971
010846
000939
004586
010962
005541
011947
050014
009864
008518
004582
001176
011514
000112
000222
049773
011346
006996
005974
002689
001406
050008
000255
012766
002044
006201
006312
005063
049561
012764
010421
010758
004005
007923
009885
012330
007651
049354
003294
049409
049305
005461
049620
049908
007177
011484
049607
004438
006252
008929
012078
000113
007435
011096
011538
004318
002766
005534
008671
012621
011522
008656
004223
012745
049900
012930
000736
049428
013239
006619
000899
011401
004604
049092
006589
007896
049140
049060
010554
011105
005564
049193
013358
009652
011154
002261
005560
001408
008707
006021
009753
009922
006101
007390
005590
002260
005538
012969
010149
001882
003788
007304
006719
001563
009618
009820
048867
008102
049401
006490
007984
000424
048654
005076
007664
001092
010078
002790
002485
048854
011577
003328
001701
004687
012310
002948
007133
000530
008524
003581
050052
006465
003398
013429
006693
011464
000552
048881
049672
011235
008578
002536
008940
002334
010437
004067
006364
013284
000051
007219
010993
009502
006402
006692
006920
001636
004636
008506
002500
013110
011895
001200
012773
050163
002124
004726
003082
006734
049758
009587
008074
049282
004423
011476
002117
009498
006081
007952
003861
000531
048446
002303
008698
009943
008381
008990
008716
004979
009457
007354
006319
004856
005028
009076
002523
002636
012754
001808
008900
006501
010671
010510
012666
010740
012604
007427
012750
000263
001288
006240
010044
013457
007226
048772
008240
007403
003696
003918
011329
001203
007569
000741
012264
048987
004182
000305
001849
004215
049650
050054
002064
011784
011251
009335
008177
005338
010115
005504
007028
006181
012371
008877
004380
000925
013202
000362
049175
001467
001518
011715
008614
012471
001454
008637
001747
010687
050188
008185
000509
008050
008335
010224
000460
005924
013403
012794
012091
050134
011709
005529
006864
000066
006983
008019
011772
003117
005518
012522
049504
009842
000941
010631
002733
011795
007437
009738
006214
013383
000033
005810
048636
001914
004817
012547
003669
009123
003127
002954
008031
007526
012203
003840
009125
002652
012460
013039
011699
048600
008408
012557
004097
006879
007712
004099
050039
049679
005562
002781
005951
002332
001684
012829
049333
001223
002080
013128
003068
012751
004940
004231
009214
004706
008116
049491
009721
006004
002894
049621
011567
050036
008127
049160
012810
049172
013086
006161
010567
005784
049019
000618
013518
000422
001150
009140
010179
012386
011901
049994
008492
009172
002032
001606
009093
002217
006235
006073
011489
004588
013205
050187
013180
012584
009060
012879
049106
050138
000858
005983
002288
002029
009935
010900
001332
002102
011414
001016
001041
000295
007109
010173
012723
006985
049666
005777
007368
011766
005859
005029
002576
012926
006063
001826
008022
012068
007825
013036
003338
001114
013491
003854
009265
049797
049281
007875
000237
001165
005770
005598
003345
001926
002055
010092
004229
012665
005314
012470
000400
012214
009380
001717
005710
012660
004584
012687
011613
011230
013373
004241
003516
008409
007846
000726
002591
009747
004593
008010
009346
004932
011354
007497
012774
009890
049542
011244
011866
000594
003568
007350
005876
006386
005444
008250
049393
003067
008794
000545
008923
007021
011130
050086
050144
005729
012350
005281
007469
005554
049707
000368
008899
049245
050126
007466
002777
010059
009546
013073
000779
005228
007349
013277
009667
013259
049973
011529
013480
011465
000922
009406
010635
007583
009614
003124
002631
000179
010556
049296
009602
006406
002644
002986
003229
004158
004951
006721
006782
003737
003120
010801
011339
007467
009607
002432
005161
048735
012884
001697
012103
004081
012275
002370
013377
002336
011579
003750
002917
002473
004595
008552
009715
003727
011316
003795
012732
009676
010247
003022
000765
000504
008295
001247
007459
048756
049789
007426
006026
005829
011738
011314
048775
004056
049457
010924
010396
011659
009362
005348
049073
012343
004778
013506
009367
048901
049549
000116
003424
005282
008509
009629
005779
000788
050108
000477
000226
005304
007118
006641
010887
002984
049222
001274
008653
008854
000913
049763
006020
002956
013418
005087
004858
048914
006139
009167
010870
001848
006812
001401
009583
049178
000589
049066
013325
003718
008015
012795
002556
013427
049630
048576
011859
008739
000621
005070
011977
009739
001931
049755
008913
009948
005235
003617
048574
008151
008596
002175
009409
009259
048820
049710
004025
009919
000201
008373
000231
013393
049684
008433
003223
007132
011723
003853
012464
001410
013015
004756
006677
002791
005617
012204
002353
006269
049749
002192
009733
008513
009926
006546
049934
006250
003700
010753
010543
000536
003337
010161
012686
005272
003937
007953
003745
010989
006126
002879
048529
002429
009184
012780
013490
006475
009188
011847
008323
049544
006779
006372
000412
006807
048826
013376
004790
000569
001190
002573
002908
010838
005219
012474
049122
006882
007791
008499
001724
000132
007997
000458
008636
004699
000287
009727
006261
049129
003448
002645
001044
010055
012696
000662
002987
007414
048511
008768
011635
049270
012338
049071
008406
012047
008131
003350
004359
001444
010840
008907
009726
005189
010776
049552
011987
002116
013275
001577
008068
011957
009435
001287
004237
009202
048591
049589
002533
008122
008162
007699
012516
048871
006481
006543
003527
003996
011600
008472
008821
010848
001254
000188
048692
010833
049408
010802
005656
001629
006409
004645
006943
010415
013188
001457
006310
011385
008345
007444
003081
012624
008645
001552
001985
010471
001319
009679
012852
008866
009478
012457
049820
002386
005840
007766
012295
007728
011424
008009
049804
012528
000664
004462
002139
009263
005377
011592
010706
048623
002347
005596
049514
048577
012724
008670
012836
011276
004620
008659
006460
005326
002831
008229
000106
011664
048934
048838
049579
011751
007770
005345
012970
013327
004999
011916
004300
009412
005773
007235
004432
008613
013006
007330
003125
007051
009082
011745
002435
003825
050007
007131
011623
008803
008372
003740
000104
049315
008634
013222
013410
002239
011582
010712
005083
002655
007146
049008
004326
005897
008807
011634
009598
000887
013389
010620
003058
007416
010907
004239
011913
002170
010171
003942
007008
008764
008396
007097
008341
011173
004977
013272
002086
007506
007837
012233
007155
005611
012349
001184
049042
013406
013112
003810
000267
049314
006979
007785
002648
010261
008605
005075
003325
008693
049192
002276
005507
009788
006885
049456
009979
006009
013423
049543
005005
000590
011240
006521
000344
008553
009449
005700
013208
007588
006823
000767
011708
009781
011658
006075
010995
010103
000658
010650
002516
000090
009284
004261
008766
003934
003923
000131
013543
008516
049335
005243
011935
006112
049960
009499
005327
000920
009824
004179
011679
003421
049094
001237
010043
003843
009241
000032
003777
002778
009889
009719
006352
049387
004015
004781
012054
005516
005689
008266
007918
004188
011776
050030
011191
004937
002399
049595
001719
012254
011737
006114
010734
006121
008718
012434
005130
002588
001601
009645
049209
049941
013033
003799
009978
011456
013142
011626
002561
004228
002969
011156
002122
010861
005470
010841
012802
005731
011744
006415
010617
011445
006981
004203
000616
012596
011716
049505
010626
004018
012801
009905
001240
011315
003842
012133
000774
011759
009268
004209
049059
008627
012115
001921
012987
011306
006891
001291
007443
001136
008543
012587
009924
048515
001584
049853
002391
013466
001754
008629
013508
002812
007293
048501
011539
008090
012936
006120
000284
003264
008489
004367
008006
010047
003402
011294
004394
003103
009236
006562
008725
004866
011959
010336
010527
008041
011116
007904
048556
006453
002852
050040
048951
009913
049086
012757
000280
007625
003538
048424
003938
004216
050184
007901
007565
004697
004140
011428
004113
050111
010230
004390
003789
048675
004055
004125
002068
048999
001797
007271
012819
000008
009620
003091
000299
049217
013026
004410
004503
003382
048758
010005
009720
005089
048829
006379
049869
011761
011584
003668
009888
011521
000009
005132
002394
009234
004608
000519
048886
010125
049567
048816
049574
005393
000049
049655
002423
002902
008582
004474
005050
001195
049627
011408
006833
000250
008438
002709
000671
009906
007463
008775
000651
013246
012218
001827
048452
003420
011663
006620
001315
000980
002515
005445
003711
002750
013492
006901
010398
004683
048824
001279
010489
010662
008302
007877
013108
000698
013150
009260
010191
002981
003364
001862
049708
007201
007250
003037
012558
005495
002060
010940
006547
012644
010167
012941
009700
005061
004159
048989
009395
007899
008024
005259
007720
008322
004729
001850
011846
000136
012517
011023
003530
000514
000703
001698
012181
013299
003763
012971
010855
003590
005707
008861
049640
013401
008945
009416
012128
049102
009285
008371
013431
004046
000207
011297
009866
007301
003593
010006
001282
000817
009126
048425
004331
012706
049998
007172
003878
010646
010852
010130
003151
050164
005691
009636
009005
049906
049473
003967
010399
048903
001562
001979
007060
001527
009020
011310
010209
006904
001000
002094
048863
007734
006545
002312
008284
049893
004061
002155
005848
048679
049529
004545
008681
009840
002070
001695
001301
011222
050100
005306
002686
009558
011369
001318
002992
005022
005861
049716
007055
007093
004411
010451
049809
010521
003970
049550
012392
008163
005227
050121
048532
049533
007027
048998
009862
009381
048817
010036
002082
003776
004770
001737
002421
049246
012373
009868
006987
006496
001512
000668
004559
007737
049756
012166
004505
012388
008306
005633
002600
006226
001460
009634
001542
008507
005964
048536
002615
001762
010429
008389
012309
001154
002360
003182
004472
012104
005019
012907
002504
010888
048799
006872
013471
010382
006095
007721
002384
011503
000092
008688
012417
000005
003762
012110
002062
011704
002168
002959
006334
009023
003323
003885
007535
010008
000782
048818
003627
007843
001338
006785
049207
000466
009789
009322
005467
049453
010136
048494
000624
004670
001956
011472
048862
003200
013547
011780
010773
002147
049696
004572
000600
006434
004680
000234
012948
010174
008416
000803
000464
011299
012615
049843
000714
001874
005935
009096
007273
010464
048976
005719
049836
003866
002753
048523
006178
005127
008414
000673
009603
012182
001262
007878
006884
007312
002745
012563
003954
013080
049976
013289
003149
007298
004972
001110
000034
010187
003714
006152
005158
010348
004587
011303
009680
004127
013459
007450
006559
007253
048450
010063
005021
002416
003924
000558
048833
010202
008305
012353
004892
013120
010844
050119
008129
003826
004939
005357
003304
002437
010688
002005
001161
002870
007574
012433
013405
001452
050043
048967
001916
013326
005120
002377
050046
000615
011486
000687
002807
008168
002743
002368
048678
009281
049636
001377
012582
007151
049179
001936
049422
002755
011335
013028
007453
008356
003723
006064
003609
012865
004799
004510
002810
013170
009185
007608
049714
049186
003797
048470
004844
000818
049532
002630
003263
000150
008054
005659
006100
013361
011545
008941
009579
005102
001070
001566
006942
011612
012265
012938
001896
004501
006215
001751
010019
003324
008287
010372
050013
008806
012710
007644
001836
012081
013057
011938
000151
008042
009116
008992
008712
013440
001992
004403
007739
006294
001075
048996
010614
003629
004361
004363
007524
048865
048823
012893
013372
010624
011148
011931
000177
007969
012473
010433
009275
049742
008420
010099
004191
005986
008442
012655
009015
008291
003846
006706
003555
050165
004752
001522
008749
048736
001173
005794
003834
001928
007911
012144
048905
009444
001595
008293
049124
002450
006592
009436
005337
000246
003830
008407
004471
001109
009230
002891
006816
003362
002199
011045
001503
049307
005057
006164
000963
006941
006230
012006
049796
012129
006424
011384
000030
009002
005109
011787
049628
007161
008631
001196
010639
000934
008956
009776
011067
008144
008677
001392
008235
008785
049719
013256
002021
005561
012483
013056
008201
009611
008971
006672
048731
002796
006198
008633
013178
007926
001906
005730
004093
011970
005548
011461
002564
003664
011453
004110
049726
004288
049054
004834
011815
048917
050078
007456
006668
004451
050047
002373
004131
012962
003088
005627
049616
009261
012989
012263
010618
001003
003039
008153
004547
006450
001892
006919
000880
049848
004328
011936
049800
010611
005801
003019
003301
002587
006307
049340
000843
050154
012803
000391
012107
005002
012314
050114
005584
000787
003147
000768
013339
011361
011195
001035
005261
000663
049461
049822
004851
006005
001206
049397
010057
000072
005053
013333
004035
001727
003195
004020
000540
011583
009355
007215
006558
007424
004296
049534
012345
002727
011923
006036
011349
004218
004333
001001
002605
049062
049585
004164
011873
050067
004316
003430
001822
013196
049385
049875
002980
049266
008197
000501
002200
001431
001445
009625
049261
050005
048488
007557
012703
001740
002067
003528
012023
008812
010878
002462
004714
006635
002830
000923
000061
049946
000791
003792
008985
007605
002716
002512
048950
050041
000604
003574
010668
048507
007674
007937
001058
006993
001971
005999
049750
004079
007999
000728
010312
004248
005619
003393
006632
006725
008139
011736
001593
000838
011366
006239
009245
012730
010282
003995
004656
049188
008998
008736
012800
008773
007780
012375
013464
007856
049084
050128
004362
010733
006023
000401
049189
001022
003170
013152
006328
011581
049130
001613
012148
008551
049933
007604
048444
004980
001820
000627
003675
008968
006421
007744
049002
010178
007553
011084
006123
005096
048869
006715
002720
005015
005520
003482
012346
007814
012468
010404
011167
003245
001391
048755
008804
007804
010251
012561
050170
005956
007295
009856
009725
007452
011575
012394
010867
009529
004762
006871
005901
008314
000416
011305
049588
010969
002424
010364
013557
003872
006840
000826
012452
002677
008321
008376
011420
000014
000688
007556
011302
011598
048973
010296
003161
006320
011827
000556
005715
005072
007491
006298
049831
011985
003284
003739
001256
011516
011989
010337
006461
049151
010813
001345
001726
009491
049407
005667
009325
008107
007587
011769
050087
012089
049765
006783
004852
004573
009219
010075
010586
000365
013311
008350
002788
049619
003526
004577
011693
004483
010832
006189
008484
005629
013262
011643
006151
010210
001202
000482
009759
001424
005024
008081
011400
006948
000208
005583
006502
011558
012317
012669
048754
006492
008101
006119
002197
009540
001973
048697
009303
003946
011078
050140
012064
011650
010119
009061
012945
009149
010318
000275
003312
000755
001090
007613
001778
049624
000525
008894
001310
050097
013444
050056
010391
005202
005942
001163
010344
006111
007237
000254
001040
010503
011286
006591
048555
011710
001974
000599
006479
003560
012098
012668
004324
007924
010181
013527
008331
010681
002494
007711
001448
048751
000533
009649
002059
006911
008793
008848
000967
004816
006563
048860
007382
013560
004957
009393
011319
050060
002681
008134
011783
000876
001943
008519
009345
010676
002651
049982
006098
009843
002095
006255
005333
049734
010502
011377
004678
003464
012976
001658
011371
006594
000771
004457
013421
006718
048426
000455
005392
011823
010925
013162
000778
012741
013176
002115
010820
012370
006628
049699
012142
009337
007063
049418
008332
049783
005310
013164
001982
050037
010908
012728
007957
010565
049464
005603
012420
013474
009176
003189
009722
010909
007159
011757
004439
013413
050129
008563
049241
006856
011730
009237
003051
001996
002012
000870
007629
003783
002087
005017
012767
007069
007489
007534
003497
006708
009746
002149
008918
013127
005186
012876
010905
012012
001364
002407
011611
006990
009798
001388
010073
049829
004581
050023
011841
009777
001859
010131
048462
009612
005522
010580
008392
006122
005119
048432
009756
013160
007081
006599
000444
007872
007198
011995
000761
003255
005959
001538
011119
049833
009121
049777
011633
012432
000709
049662
001749
048551
013045
010788
003989
002660
006875
003412
001594
002111
048430
002265
001183
008351
007873
012711
000026
011993
012809
005237
009818
007813
008007
007058
010945
006219
002431
008382
003188
005137
004383
006967
011202
049001
007478
002646
008124
008289
001264
011348
012246
012649
004258
001420
003031
004548
048920
010274
006513
002732
012534
000938
010257
005778
004384
003932
049538
005329
010335
002141
009224
007622
008534
049923
002231
003857
002618
010570
005284
009716
007819
006695
009398
049999
003435
002886
011986
000500
005025
010822
005684
013380
001934
010442
005947
007473
006414
001810
002048
003439
049644
012689
049403
003738
002691
010450
012234
012830
050019
048493
006848
049306
005775
007422
000364
002470
009770
008757
012229
010146
004106
003710
006088
006196
049743
011203
048791
009883
000862
007001
002557
002262
049128
008948
001802
000734
009832
003782
048668
007703
000491
001781
007803
012868
048533
012211
000265
013281
008174
013209
011705
005177
007214
003925
004913
005774
003201
007431
008388
011039
048596
049728
011591
000303
011121
006915
048696
002960
003731
048761
048639
004487
050020
049247
000127
007104
002687
049378
011467
004334
006937
004413
007606
000262
011460
049639
009321
012727
002547
010899
048864
011508
002213
009586
009640
006286
011724
009646
002897
007882
010345
012618
012364
009942
049592
001341
013014
003456
006335
007476
050031
003494
008860
008206
007887
048508
048982
013353
003377
000123
006553
000863
009233
005623
004033
005760
001422
005670
007263
009273
011095
006017
009030
009752
008643
006877
008882
011836
000610
004022
004997
004437
002859
005240
008067
007747
013375
008264
001930
011979
006606
005819
004609
000205
006385
009741
012886
008924
002997
012453
012399
009441
004902
008391
013247
049423
009302
001172
048436
004285
010513
006550
012503
003612
001500
006751
006464
049039
000987
004887
011853
003904
012175
011194
050167
011832
005687
013385
008805
011268
012423
003122
008330
010165
007983
008607
003602
009959
008713
049985
008052
004386
006548
012515
050091
007539
001954
009389
010610
013243
050081
007116
012355
009145
000900
001486
048966
008750
008070
012243
000945
004147
011182
007732
001252
003824
049410
012955
050033
006640
010193
007707
006053
012248
008360
009764
005487
009783
050146
011216
011255
009386
001179
001627
002800
012571
006653
008694
049494
005111
049509
001865
050079
005180
005242
012395
010621
001132
004375
005036
006058
003881
049336
008937
006113
001284
013500
008823
012978
000954
012024
010301
010585
010278
002921
012431
007447
002757
049885
007232
003306
013215
010932
008138
004059
010093
003248
006103
048793
048704
012562
008964
006382
002453
004428
001366
012771
011224
013194
010151
009463
010703
050147
008587
049173
049901
006629
007621
012020
010658
006476
004399
000240
011061
048777
000964
012507
009168
004665
003790
000000
010928
003309
005706
011160
011481
012931
005593
012822
004330
003879
005221
005992
049605
011074
008461
002395
004882
003169
049987
005268
048765
003884
009980
048410
012398
007962
008999
007283
008843
050092
009087
004633
000239
006654
010593
008640
006065
009199
005480
012833
007649
009983
006736
007004
004329
012049
003611
003010
009339
000986
006108
001316
049139
010498
004281
004676
048814
011905
004087
012170
004043
001148
006767
010385
007935
005551
000437
008798
002171
008787
005316
049114
010960
003748
048518
002714
005599
000695
004736
001633
008537
011929
011144
009929
001365
048834
010999
009519
004974
049709
008845
010219
048583
007070
002744
013453
013449
007213
048890
048897
006819
048961
013114
011143
049653
005263
007066
003596
009731
012477
009793
001218
010271
010045
007451
002339
013348
011713
007221
049288
008754
007668
048801
013165
003845
010826
003374
005958
048870
001298
010532
013519
001099
004155
049992
012835
003928
010484
008292
008386
011409
049077
010480
013554
001403
049554
008169
010426
007504
001766
010110
001970
001794
009397
048643
004523
002837
001379
012896
009045
008630
001716
005906
002146
008448
002995
004760
006015
005574
050143
013496
012709
010203
000999
004499
004779
011073
009383
000084
049184
004173
009991
003562
049399
011742
009971
003232
010098
011852
008867
009089
012648
008086
002772
008387
003488
049530
012590
048478
049038
011696
001777
001441
012419
049964
001334
048955
002211
001489
002380
004554
049502
001477
008657
048560
049240
009565
002549
010155
003108
013324
013276
002441
005207
013467
001761
048936
001735
003431
004767
012294
001102
010656
000006
006575
050068
013236
008934
006944
008988
002847
011867
008155
011728
013541
003646
049768
001028
012556
000638
007615
002511
003194
004935
009439
000452
003121
012337
049841
049255
003423
000074
048835
011537
007817
012782
003012
003705
004287
004905
011610
007196
049290
011624
009496
000285
011351
001141
013549
006923
005600
001436
008639
006683
011763
010492
010472
048594
007381
010604
000727
000547
006573
012379
011199
000496
009394
011701
002253
002034
007176
004107
003353
007038
007910
049948
011629
005524
002230
000562
005295
007995
049850
008410
011040
001567
009399
050072
003499
049860
010109
007554
010958
012059
008961
011288
006557
003582
011087
002679
007175
006022
008189
001023
012860
007850
011158
048400
012052
003262
000428
013007
001856
001960
048797
000109
009080
004936
006282
000914
001308
006772
006265
009601
048641
001081
011509
002734
011396
013352
011674
003310
005012
004235
002114
004176
006503
002989
011606
003831
003427
004929
004819
007659
000683
005769
011122
004846
049203
005481
001390
012305
002422
013083
002717
011193
013092
003094
000483
012588
012549
004518
012878
007510
002978
011632
011804
012288
011848
050160
002481
011254
013430
013306
007331
008084
000603
049448
009953
007228
000093
004448
004183
001715
012843
001385
001885
007940
006674
013135
013013
004970
013126
007335
001378
001830
006467
003042
001427
012326
004340
049724
011512
004372
005880
007288
005809
011198
010160
007954
049229
004986
010555
002065
000990
001546
013106
001430
003870
010566
048417
005291
010053
002081
004931
004178
001515
002342
002849
004389
049133
000748
004758
002911
010830
002112
008593
001978
007191
011175
000447
048663
013338
011675
007207
006810
005771
012527
004696
048937
003274
011076
001268
048397
009891
005570
005587
000095
048398
001380
005375
005916
009951
006671
000759
010629
005182
008496
012308
004690
005910
011808
004719
049463
011421
001091
005362
007487
005044
001339
011233
002736
048474
005471
000211
010632
005293
007688
007383
010921
012455
011907
049165
007550
049951
001302
012380
008236
003106
049568
004392
008313
005336
010071
049903
012412
049962
000978
008246
004402
011036
003083
002621
007099
000067
007408
007343
007022
011300
012559
004528
012506
009637
011291
013525
000770
000851
011210
012753
007282
049085
002346
010228
005736
009056
009035
049891
012603
003451
001127
009410
006419
006154
001748
009749
011725
009040
001414
002287
004578
009668
006253
004189
004918
012367
010641
011982
049083
049966
049432
006555
010428
000421
004123
008059
000353
005413
003454
000682
008012
004917
006744
008173
013273
007517
049513
007206
001398
003921
007194
003610
002187
006838
012466
048766
049099
002292
011615
004298
008428
009119
011449
008326
049873
008809
011054
008660
001520
008993
007708
004655
049426
049322
001661
003335
000871
013124
006347
007336
000561
012812
006510
000271
003256
006784
011029
006399
004983
006549
006258
005757
049162
001037
011777
010145
007847
004030
010011
005331
010713
004482
013292
048837
012533
004868
006227
007829
010854
006509
049572
008904
011267
011711
009490
008346
003983
050113
010086
010101
007439
049311
048840
048983
049740
005464
006776
008311
007102
000538
005497
000078
004192
003974
001381
009771
001605
000199
050073
004904
005248
012704
010402
002606
000878
004244
049939
007768
002554
001779
006660
002916
009714
013263
003728
003545
011996
009358
000845
000609
009437
001235
001314
049898
000485
003567
008682
012458
000423
002264
012688
002629
004912
002798
049746
010623
003595
008836
000089
049096
001135
001080
001597
005254
005869
049425
006662
004914
003437
001707
001986
009405
003536
011517
010025
006376
010955
013356
007180
003890
001814
006726
048395
011364
050015
049452
013493
003495
008065
006163
048750
010413
012428
012442
003919
007756
005888
011793
012512
005694
004850
011899
007490
001706
001526
008789
001125
002194
002163
010424
048930
048570
013066
004772
002634
007402
049584
000371
003836
003798
002369
007318
003828
006892
010111
005317
049613
002335
003591
002329
006318
004445
000060
010957
003891
005638
001796
007515
000680
002907
006127
000804
010547
006976
049601
001805
012639
001471
012525
003860
001798
049204
004796
011220
010690
003690
010653
001842
005178
003654
005903
005199
048434
002322
005433
006236
012009
003758
002486
012344
000528
007257
011876
009454
011819
002570
009757
013436
049641
007486
048892
006200
001612
011555
011840
003279
010239
006377
048806
004374
010194
012267
049866
012734
007360
000516
011498
004355
004530
001825
009231
002467
003585
001362
006604
010430
002974
000493
004715
049922
004225
005503
008984
006008
049321
002542
003880
006006
006761
006241
013357
048891
007840
012964
008960
006795
004563
000555
049788
003837
007472
003107
006360
004058
050063
008771
000438
007117
048396
000543
010762
004419
000997
005122
007417
013090
048527
012255
010941
003144
003779
009997
010686
003099
007794
006522
000796
010037
007979
008550
003580
004312
005494
012126
009541
049638
010379
004249
009016
007068
008987
008018
012389
008767
013534
048852
004985
008545
004544
006697
000484
049299
004576
007461
007216
012489
002003
001622
010963
002078
011232
007377
013119
003736
011132
050024
048944
013231
008178
009784
005031
010356
000890
005908
008675
004293
005928
013179
002962
011717
008652
048606
010117
009530
005421
002867
004804
010091
006500
009298
010910
012299
009647
001815
000080
004564
013344
000454
002840
009517
001531
011345
011243
013507
049429
009513
008726
000837
005669
000522
006401
003320
013197
001351
001596
009571
006753
049603
002002
004864
001586
049442
003399
002283
006474
006145
012631
007963
003952
005112
010490
002250
001005
008301
010798
008959
000805
011002
049205
001651
002109
001572
007442
003640
000332
012162
010714
001304
007852
005395
002397
000819
003863
008208
002676
001494
010298
006271
012015
012390
003619
004202
012783
003470
006262
002567
006977
011150
012702
005307
006927
006224
002159
007019
011101
005442
000724
049119
001032
006728
002799
008440
049846
005486
013217
048421
012121
004622
048607
004406
050066
009689
000596
004364
049924
049268
000261
002195
004052
000841
008465
003071
048558
002738
001631
002653
009663
048547
013328
001635
000597
004723
010942
012960
005290
003330
049784
005283
012097
009026
008378
049395
008503
006588
002700
049703
049402
049914
001900
000363
049220
009723
010680
007483
001568
006835
008483
011032
002622
012105
012776
001442
010350
009031
005645
004761
001194
009215
011284
010452
009047
012268
005408
006373
002927
008982
048585
000223
004667
049286
013226
000425
009785
011731
004089
004213
049437
004825
012850
009291
010806
007313
001177
004034
001169
010454
002301
005370
007773
000100
009143
012762
006626
002898
003228
010694
000721
006229
010738
013505
007306
003955
011174
004995
009369
013454
001286
048441
006938
002140
003286
049927
004116
009484
009468
000135
004894
013109
049028
003280
048649
006998
008748
007185
004141
004465
004265
003896
012340
010189
049896
049309
003126
002056
007835
005699
011091
007894
009987
003635
008802
013181
008850
007542
002385
002419
003063
011640
000010
048790
005352
002449
000888
006541
000134
011090
008080
004013
049089
002100
000469
005844
013409
011782
004407
010359
008286
000473
005270
010938
007532
005813
008703
048813
011733
049956
002085
009141
009276
001095
009267
049072
004160
004502
006092
004738
008649
004944
011532
001157
000056
007041
048456
009474
011939
003883
011860
006586
048942
011858
049052
005239
007300
010929
011343
001111
013439
049562
009120
000143
007584
008087
003523
002452
003507
004358
000559
007217
005104
007915
048724
009804
011770
004557
012207
005950
049095
012313
002693
011317
002104
004720
004808
012072
001659
012201
009271
009567
000785
009814
003322
004950
000103
004855
049149
004174
002138
004948
004360
008210
010661
009021
002813
010291
013233
011170
005184
004921
049723
006066
005298
001963
001480
006211
005963
011089
006531
006069
008198
004000
003463
049144
002176
001013
050174
001757
003864
007379
002316
049327
013524
010427
011407
049969
000801
000606
001809
004453
008404
011618
002685
008527
003467
007227
009211
048940
004867
008437
009171
007617
049415
008316
011557
003729
002748
011829
004019
005014
009343
003525
008558
000982
010466
009084
012114
010397
001210
012885
009823
010357
013195
010375
012700
049503
012484
003358
009466
006689
011083
006714
049712
007860
005124
002222
003730
004685
007666
009933
013552
013400
011172
012327
010649
006729
006407
000490
000708
013501
001649
012290
008667
008955
007790
007231
001863
049528
000446
010425
008452
007738
007512
001835
002442
002018
001640
003247
012147
004306
013473
005369
008890
011754
002448
000704
010894
007375
011501
003576
048624
012016
002569
005618
008880
048902
009029
007678
001146
006539
001397
011190
009662
010537
012532
007210
006709
004926
012160
048971
009678
001846
008419
010320
002286
008312
006493
000197
012974
009961
002460
000875
004755
004922
005365
008612
048563
001876
010563
005816
001750
003418
008003
049769
004987
000174
006187
008776
007308
000776
011506
007742
007338
012191
004741
007501
006527
009839
007064
001009
005436
000453
007448
002135
000041
049112
000062
010947
012849
008954
009765
001667
010339
048433
012740
008395
003450
012951
011000
011654
009656
012208
012297
006456
006059
002010
001530
006443
009510
009189
009786
003317
000479
004162
009078
010355
048780
006083
012404
005026
049519
001997
012198
010789
004519
008917
006880
001289
006926
007449
002699
009034
007218
001786
001968
048439
011176
011594
010651
009532
048670
009934
005512
006855
050053
007628
011246
006570
012576
000937
011673
008267
009542
005185
013536
001077
002319
006851
003446
009379
012654
049125
008078
000642
048828
006960
002942
010487
001564
049489
000185
011547
003882
004325
004646
002760
009118
011690
049303
002692
008568
001395
008864
004863
005181
004041
001189
012291
013313
003588
006681
000119
012646
004516
012929
008193
007865
003084
002560
009114
003681
011909
000384
006403
006160
002379
011758
003074
013285
012554
010865
003786
011648
003224
000629
000775
006608
048848
003552
009127
005601
011457
007144
002350
007044
048792
010388
003104
009009
005446
049515
049986
012682
006505
010847
003851
048769
005782
000831
007978
049294
049460
011092
049100
048993
005838
007088
004256
048926
010546
011817
001213
008598
007855
009243
012869
002438
012617
004053
006612
049782
050001
000626
006685
008040
007580
012478
005097
001008
049328
004891
002915
007777
012993
006617
048525
011589
003716
002153
003869
005266
006868
009872
001664
006670
001130
003089
009244
005836
005654
000940
002248
000815
011001
049480
049034
003660
049500
009522
010857
006781
008625
003753
007640
049194
002249
009837
006084
012633
048443
006204
010828
008451
004341
009886
013204
003183
003631
012598
011785
002719
004533
003749
011530
001615
008171
002019
008822
002233
000294
000706
012957
008257
050137
007561
049799
004625
003577
008142
004047
000459
012798
001071
049863
002775
005995
003116
010602
006642
008846
008165
008800
001368
011009
006716
013198
000039
048465
001241
048965
049254
003557
007632
048415
048471
013283
009869
012253
048682
000258
001468
011180
010605
001657
012628
002904
049753
010504
003007
004109
001679
001913
000523
011881
008283
001331
000789
009122
007581
007247
011683
001201
010186
001324
000713
009117
007974
007339
010152
006912
011620
012991
000001
005907
010519
003035
011746
009713
048857
005157
010743
004874
012855
012325
011681
005643
011889
006019
010469
011917
050083
006597
000781
007114
009802
049450
007691
001517
013020
011997
007121
048590
008863
006193
011392
006643
004309
005537
001689
012213
002640
001533
002013
008340
005093
049676
049663
006688
002295
001048
004623
049658
010896
006148
006745
049883
012652
003234
006431
012982
003496
005346
005349
004021
048779
005080
006818
012881
007351
006577
005884
004006
005009
008745
005630
005940
048656
011943
011910
000101
008453
001988
001755
001251
010931
004094
000312
010598
008337
004747
013255
004240
010148
004802
003293
005052
003416
003533
007385
005126
002201
002841
003570
007795
013477
012405
012716
007902
007292
000526
048399
007594
009834
049048
008213
012612
049310
012520
002673
006344
008946
006304
010926
005923
009404
049251
013069
011113
003112
007729
003757
048839
012509
009945
002498
048875
011845
003227
005210
009170
005727
013556
001732
049075
048423
003303
010292
009774
048783
007129
001580
010327
048448
005602
049943
010319
007479
005660
012035
003961
008965
049278
006724
009057
007006
003858
009705
005404
000645
002976
006212
049615
003109
049609
049103
003168
007531
001907
006516
008669
003305
007072
002944
002011
012021
002243
005683
049581
003138
009500
009744
009074
001734
048627
006804
009181
012816
048638
010950
049938
010616
005807
006611
000167
004455
000848
049126
009191
004517
008967
007851
003371
001337
049929
008280
012909
012421
005536
009555
003656
002314
012564
009186
000157
010915
007103
007294
005972
005068
006962
049826
007212
012027
006738
007824
049169
001186
008464
000053
013478
004713
003813
048713
012463
012178
010735
004815
007970
048805
001104
003069
049599
050029
007701
001405
010182
011205
006764
012236
004599
049807
010009
001499
007498
012413
012272
004142
010023
006449
001508
004621
012778
001265
049909
004717
049123
011743
008602
008780
006225
004418
004371
004348
009748
001400
012232
008020
008468
010998
006295
010500
049434
049706
010777
011485
002882
010370
002955
008160
012004
049591
003907
009493
009876
012717
010303
002219
002392
048928
011574
000806
008943
049277
008731
049828
006116
048784
049424
000308
004084
006107
006028
009852
009148
004415
000407
009654
004745
009946
005303
048959
005458
048768
003859
010237
013388
007527
049518
008303
003984
000349
048949
005640
049997
013296
000918
004066
001389
049386
049851
002845
010642
011196
006299
005621
001209
005455
049269
008887
008581
001670
049983
006648
005937
002710
011422
006321
005571
005255
002447
013061
002663
012134
009180
050185
006003
050132
002843
002694
009596
004641
009326
048893
006650
048712
012010
009207
002519
049678
008741
009055
002833
003719
006893
000440
007889
004542
001868
002509
010990
007186
003875
007914
000577
003033
000676
011425
007633
008062
049931
049790
005589
009954
012685
009564
013133
001038
011017
001898
002658
001917
000586
006601
010054
012112
000808
005117
003752
007057
005156
048693
005720
013143
048647
005800
011080
006704
004823
011075
007037
002037
001625
009482
001901
005580
008851
048498
010601
049334
003163
049847
001845
006870
049516
048933
006010
009560
005631
005532
006958
005020
006314
006995
006233
003386
050104
049959
006627
004459
010807
010696
005250
002918
000637
004888
000354
005374
012101
008617
006811
009050
006132
012172
013269
010273
008891
005971
008367
007325
006024
006676
004050
012319
009928
010481
001775
009440
006567
001045
005046
006430
007559
000094
008952
004705
001505
048660
000029
004031
049852
006292
013488
005280
005371
049867
003290
010363
006061
000996
005482
013537
005253
048500
001402
011129
004391
007706
012088
010159
000442
005381
011668
006789
008995
048908
002330
004254
012827
048694
012189
012485
049392
008561
006713
000655
008733
008036
049559
007991
000065
001423
002478
007752
002826
004246
007650
004920
003485
010787
004075
000763
004477
011880
013153
011221
003027
049289
007518
005517
012530
008140
010517
004100
009566
011104
011775
008721
010462
004631
001923
012580
012988
009350
012579
003559
010040
001993
006391
002007
008013
002014
007881
012837
005642
001733
048798
002552
009574
006340
010923
009917
012053
011945
005231
004907
006408
048960
012005
000025
008412
005134
000218
010889
012895
005000
000754
007264
012678
013216
006351
049668
002234
049637
013320
006179
012217
048650
012322
010157
006820
049894
002305
002665
005414
007879
006223
005883
005428
000432
003887
012594
004911
048524
049759
006033
000800
011661
049158
004388
005693
048588
003838
048815
012672
010704
005013
000409
001024
007011
004880
004666
048579
048710
000018
011062
004613
012653
003852
002502
005665
006659
003985
006975
004876
000343
008711
008490
000314
049271
049342
001164
002593
000857
048548
009283
012858
048572
004835
048915
009833
006918
005578
004903
010406
049578
001411
007410
013531
006636
002924
008118
012864
011752
048719
007199
004157
008056
002819
005350
049771
002458
006166
010698
049512
013298
011117
009999
010557
013079
006248
004295
049576
011350
012197
013309
011085
005064
001170
004136
005311
001829
006669
009867
005747
009137
000965
000336
012176
001873
011961
010677
008254
012952
004062
007762
010917
003428
002185
006538
002537
012939
000881
011344
049421
008699
049176
012032
008192
007838
009664
005967
049880
003014
012806
005315
009969
048767
004873
005563
001540
009547
012540
001976
007348
000360
005569
004669
010030
012609
012544
001263
012899
010153
001722
048617
007787
006238
010269
008495
000124
008542
005902
003823
000813
006678
012863
008926
001774
003159
006763
010238
048716
007662
006865
010756
010660
049539
009624
005054
005062
048743
011798
009898
008209
008661
004222
010129
002375
002548
001086
010432
006094
010495
010105
048844
012141
003000
001987
005212
012975
049977
010467
000097
008515
006994
000215
049063
000669
003214
013432
010811
009110
002697
000921
006171
002031
009745
000319
010872
003429
006768
000399
013395
004568
049816
006478
011719
005066
010254
010526
008958
004824
011741
006666
010927
010195
009683
011749
009296
004400
004591
048509
002603
011278
000809
006986
013001
000268
012418
011850
009930
012567
001220
049006
048412
001343
005438
010871
009830
049420
000138
002304
009027
006758
003419
009592
011964
002701
007635
005744
000192
000356
012548
008520
001837
008002
002398
003534
011330
002544
002165
010405
008562
002073
007862
009515
006607
001259
004146
009655
012785
049470
011622
002821
009826
004522
011374
008734
011542
005320
003756
012797
005837
006873
006158
049357
007943
049146
012177
000478
001133
049913
011695
003544
012028
010192
013122
011585
003547
013382
007468
003626
010538
048622
009740
011904
001920
009264
007482
008467
005285
011274
003408
000249
002028
003210
000181
006208
008475
002054
049153
005622
004356
013190
011325
008512
048729
006512
006707
001721
007797
004661
010974
012641
011215
006274
009955
003296
000972
000023
003333
001795
000981
007718
004709
009192
008226
008270
007394
001823
002084
004368
009198
007759
009533
005717
002779
002815
049565
008893
008938
001628
006247
006544
001449
010747
008073
012145
007419
012328
002958
003050
004567
010693
012763
007823
007052
009308
002824
009985
000290
048586
005697
001712
005296
004700
002193
049377
008746
012066
013426
012524
000019
002328
004504
006125
048841
049652
007508
007496
004881
049686
008279
001208
005882
000430
011427
005733
007784
013295
006429
001680
013442
010542
002914
048642
000852
005001
004063
048738
004768
049657
009699
049024
000535
010241
002127
000824
002420
013319
049548
005410
049198
009105
009033
007558
004354
004370
008832
008435
003173
013489
010654
000465
006846
048954
011595
005728
005274
009160
005226
048684
009811
001325
003297
001847
005048
006700
049332
001113
000182
001221
049899
005980
004506
000406
004272
002706
009792
002595
012600
009320
005625
000807
000327
006959
003006
049612
001709
007333
008333
007958
002017
005523
008530
013368
048469
007020
010597
006638
012447
011718
002770
006417
000722
004230
008462
006300
007166
008584
009653
002410
003502
000472
048686
000667
004408
011086
004945
001821
002572
001739
001435
009575
013323
013139
048753
012573
012538
004827
008708
003152
001570
011120
004101
007107
001623
008532
005758
049417
001295
003098
006932
012831
010935
002674
007053
013517
009109
012846
049745
010592
011586
001192
009175
048872
006206
009925
005996
013193
002366
002047
006684
001197
009791
000204
009881
011576
002797
013038
007698
002177
001811
000315
002076
001620
003484
049345
002235
048646
005340
050004
000155
012601
013019
013350
004196
010079
004961
006471
008886
005701
009246
003876
010665
005055
001549
007124
009382
003209
009528
002035
002158
004960
005030
003515
009085
013063
000463
049984
007598
002614
000011
004376
005787
000306
012061
002822
000948
008569
011368
002525
002143
000512
003706
006584
009572
008784
050077
008217
009242
000082
002355
009307
007067
007880
003409
049808
006128
003395
001528
001066
006138
001911
006717
007047
049365
002873
009743
005531
011838
011864
010674
011402
010297
004639
000316
000370
008658
005612
005877
012504
006957
000884
007871
010190
010584
009128
009536
003735
048561
050158
012847
010200
005615
006457
006432
004275
000050
011272
012508
003957
002820
007897
001813
006038
002966
010135
000646
011008
011678
008180
005465
008930
004274
009639
005814
012451
006162
002364
004017
000895
008066
001772
048894
009066
011839
000933
003594
000946
001589
004305
006515
007805
012159
048804
003979
048974
012996
003242
012545
002662
000601
009877
006922
012866
000435
010222
005092
011189
005853
011440
010972
004268
012163
002922
003807
006540
004194
000614
007148
013116
005644
013070
002461
011974
009635
005919
004949
003206
008996
006760
006595
049979
010162
010873
001839
002237
001129
009008
009179
000117
003143
001322
005391
009319
012206
011914
011433
003457
013479
009800
001166
002341
012323
004692
007162
003236
007378
004788
002590
012972
010987
003167
001957
001215
002890
001700
001050
005920
009479
000320
011614
012256
010340
012681
007005
011285
001545
000457
010306
009972
007000
000133
009014
010901
009964
011726
003341
008526
012157
001677
008588
011419
003179
050183
006747
002592
009465
010211
005943
007980
000168
001617
010895
050016
011767
011862
000297
010837
005401
001857
049555
012377
008533
006477
008105
050096
001461
049035
010365
005150
007182
009591
013182
001376
049300
006808
004509
011342
005427
003186
048703
003302
010338
049447
003003
001290
004014
049082
006367
049163
012044
049485
010198
005558
000130
008113
011865
003217
004632
013005
002121
007299
005431
000885
000891
000189
003165
011313
004993
005678
012435
004233
003434
012164
008093
005732
005927
002411
004928
001175
005323
005269
012889
001101
007291
006337
006991
009166
005354
001969
006034
001634
000310
000879
008696
000571
002128
000995
001524
049338
001120
007139
002358
001785
006876
007040
049156
011510
006074
006077
009900
009895
007874
010246
012997
010166
011110
007152
011411
000322
005994
002896
005241
049443
013349
005387
006202
007248
012746
007239
004716
009568
048681
005663
006580
006439
049161
013526
007702
000786
007125
003281
008852
012904
000869
007134
002801
010746
004941
007274
002773
001204
000242
009106
049814
048589
002910
010858
000417
010300
001609
010512
010070
005692
009477
003354
049825
007371
001073
000241
004786
049736
012165
013452
010475
009182
012158
009418
010236
001614
000701
000345
008747
003018
011492
006906
004647
049438
007545
008939
049226
002451
002672
007321
006913
000956
003021
012285
001801
006491
004698
010859
005652
009681
002362
006849
008928
005637
050102
012025
003659
049012
011810
000461
009728
004175
000196
049150
048571
013387
009098
008430
001713
050074
008355
009262
048877
007046
003676
003044
005496
001193
011940
012911
003818
001118
007425
007279
048878
002164
003204
011352
000434
012925
005038
048402
002715
012839
050050
008334
009782
009673
006411
001098
012680
000357
006574
006232
048403
049737
049472
011756
008394
008606
003057
001927
001702
004243
048581
005032
049253
009998
048727
048972
007480
002468
007143
012789
002892
048723
010691
007764
001561
003966
008876
009988
011482
000534
011748
005039
049493
002541
012510
049331
012820
009077
048467
005676
006032
002635
006569
011477
009670
003157
049252
002543
004065
003356
009627
009301
006043
004044
007920
005826
012992
008936
011762
050088
049265
009330
008664
003695
003008
011768
011965
006658
011412
007268
048969
008375
010032
008196
005984
013043
009711
008994
048873
005299
002490
007826
009155
048480
012252
002356
012903
003947
006896
002323
011111
000743
005424
000832
009975
008844
005914
005300
010782
009984
010562
008383
049980
013147
005081
049014
011065
000042
011378
013360
003541
009505
010866
049196
002074
049202
008271
012086
012281
002524
002389
007888
011868
007507
012019
002786
003230
006355
011560
002539
009018
010407
009638
005634
011962
009563
003097
009103
005567
008128
049859
004181
002107
000647
006984
011698
004039
008898
005103
001860
001018
002154
049993
048535
011041
001681
009539
004925
009527
007347
003291
003462
012318
003287
003931
002802
000744
008744
012675
049010
011676
006836
009340
008622
010164
049195
011911
006343
003958
009183
004797
002412
010540
003319
006264
005677
011327
005833
012523
001121
007430
012738
000328
003136
049067
001889
011410
008135
004826
004102
012983
001387
048503
002482
009423
007603
010377
013184
003239
006485
008778
006507
008011
012195
013158
000582
008663
002022
003365
003060
004592
003805
008546
010185
011038
003644
010360
009762
007266
001637
002405
012238
011797
009556
000868
008539
012022
011020
011896
010018
007951
002868
007372
002825
049040
006815
008818
006585
000296
004236
004718
006035
003491
006554
004602
003282
049689
048858
006647
005023
001078
048504
010856
005418
049030
049496
002752
009377
003397
001280
003175
001744
011138
013137
008841
001371
012765
007106
005004
011712
005407
007503
000038
007769
012033
009442
048614
005271
003835
004883
013371
009152
005233
048997
049911
010214
001523
011984
003978
006854
002999
008514
007251
008248
000685
000979
004934
004253
008049
000099
007591
004862
000055
049540
049812
011241
002780
003542
049041
012979
002320
002858
007386
003643
007933
013379
004643
006712
003156
007758
010373
008680
007667
005978
009708
011888
012067
009385
003343
005335
008239
049665
011703
001872
006427
006908
004671
007500
001234
002374
011801
012231
012467
049647
006828
002487
006694
009807
003933
006737
004773
013123
049214
048461
049250
011952
010323
009142
012747
049949
005222
011894
000286
004574
002125
013544
006703
048968
006797
007404
007101
012071
005698
001419
003078
048938
048757
049243
009902
006762
010176
012315
049058
013189
000337
005500
011469
008158
002326
049915
006637
009920
012400
012769
003832
005846
013266
010760
000710
049465
012212
007844
009963
004339
012342
008847
005439
011732
003693
008759
008735
008765
011128
048476
050006
011739
007222
002620
005203
006598
011830
000567
005834
049683
013261
006220
009154
012674
007170
004617
007936
003575
003372
004640
003110
049137
005526
011184
013175
011082
012756
009909
000553
049440
003649
003336
006381
003396
049989
007460
001296
003633
005067
001818
005140
002926
005577
008318
011434
001002
011534
000977
049201
013472
008374
006806
001736
012770
012607
001942
049761
011900
003754
000772
002834
006746
000012
001510
001675
000607
002602
010482
012296
013370
005321
011511
005135
002608
010170
007563
049688
011480
002436
008856
001949
049098
002162
004124
007034
049506
004520
010731
049238
005936
007551
009904
005860
013322
004628
048435
008810
000156
000829
048418
048459
000369
007658
007156
007249
007760
049837
049449
005605
009516
004596
005521
004702
006928
006802
050120
011972
000587
049855
008320
001490
003682
002499
001984
006027
049622
010864
003283
049275
012188
005985
002268
006277
049488
006210
003775
003539
004219
004895
005709
049462
005034
049348
005409
008005
008023
005085
000541
005058
001767
012080
001393
002027
004668
005043
002871
006007
006001
002568
012242
010081
002703
008242
049968
010943
000911
011540
004495
001833
010652
008580
012823
006217
011166
006052
009294
011308
049801
008112
004096
012918
012074
048496
004893
001817
006416
004429
000105
008857
005932
009401
008132
009432
003535
009552
007311
006345
004566
007740
004016
048962
003521
010549
003988
004769
048406
001085
002931
012736
002713
001647
011406
050038
000373
007319
001544
011513
048732
005865
000947
049872
012058
000114
011998
000203
011722
002280
007396
004132
049380
004651
049430
004885
010172
004798
008004
013183
011800
000968
005197
012227
004730
008098
048781
004820
001532
011812
003638
005325
002036
006682
007541
000230
049113
011922
048669
007638
050048
003417
003720
009628
013312
008308
049556
009773
000548
009213
013021
011126
012257
005273
004054
007903
003277
049230
013532
011657
003761
006999
011125
001799
003046
012445
000282
005740
003785
009829
003759
000546
006824
011727
000266
001358
006182
004301
004424
013330
009352
005456
000675
012430
006600
011976
002565
048665
010757
004304
011697
009585
008176
010056
001375
008215
002376
003550
005792
008307
004197
001946
002181
009605
013279
012143
000566
007996
002300
008914
005898
000031
011478
010383
007393
002277
009665
048706
003449
000998
004727
010590
002880
004461
012994
004606
010862
049892
011735
010038
003357
004314
005493
009850
004198
002612
007748
003036
000666
002495
004286
006847
007544
009041
010144
010485
049353
009758
002906
009201
004346
002496
008912
009220
001831
004860
009328
049233
005763
002690
003445
001663
049596
001236
006141
003197
003663
048645
005056
008200
008167
003299
008770
004204
001924
004152
048879
000912
050109
008099
010184
010994
003599
006462
001034
002667
003829
010168
009485
048882
009503
008687
005716
004638
001851
048519
012079
012261
001941
008586
000198
000619
048718
049905
007465
006925
049346
010305
007234
002357
002670
002712
007685
003176
049467
007224
011619
001384
005595
012755
002747
007690
000650
008756
010991
002344
000898
003563
012908
004310
002157
010215
011603
001819
013535
013280
005359
049715
006273
013465
011983
005492
009293
006447
006070
005114
002400
006899
001347
010004
003901
011948
009755
006656
007845
006974
005528
011551
010818
010834
010970
010559
006191
009090
002108
013245
006528
008989
010473
049879
004677
013054
049648
007713
002836
004981
008951
010786
011068
008456
011443
007981
011169
009880
011179
002246
011379
005106
002945
005123
000229
009790
003944
010984
049020
005685
049131
010108
002774
003376
007123
005739
050112
002259
013064
008077
004748
048482
002878
005430
002875
002928
009306
012985
009845
008079
011058
008471
008975
010564
011691
012787
007868
013522
010599
013166
003651
010446
008831
048721
009430
001694
010321
005756
003487
004701
005252
011094
001592
008403
003906
049320
008445
002538
004988
007519
012465
010520
002654
013185
001329
009687
002247
000513
011159
001060
049091
004556
005099
049441
008161
004967
012944
008865
048909
011655
010980
000180
013130
003453
049436
010765
004262
007866
008458
007593
003973
011290
013171
010445
004507
007945
003314
009139
002241
010077
007530
048776
010727
049729
004652
004598
011262
049318
009452
012566
000502
006506
002782
012149
012224
012965
011462
003390
008873
005750
006665
008737
002884
000301
009371
001871
050156
001205
009523
004675
050159
002256
000235
049396
008415
048653
002848
007751
004909
004480
007120
004247
002099
009561
012153
001119
010039
007637
048629
002491
004955
010640
010245
005904
012262
000712
010996
011950
010334
006661
000340
012073
049871
004859
000760
010933
001576
007075
003949
003991
013528
006188
012610
000821
012699
004091
002899
008901
004899
009097
005649
010449
012241
009208
002806
006954
009402
009908
010417
049961
013321
049950
010386
010068
003630
011942
005828
010951
002186
009970
010742
012335
012698
012578
000486
011069
004242
010343
007326
001861
013437
049005
002793
002609
003465
006180
049646
010488
002724
011256
004759
000376
005201
003414
010741
010784
001228
008095
007363
006803
010531
003886
011383
001947
008505
012048
002191
002809
003002
049772
013417
048739
009815
012014
010759
000395
003052
012572
006228
000802
008402
008529
048986
048458
007153
007907
048408
050017
000193
009894
006723
013095
011685
004151
001955
006175
048550
009863
006362
006466
011027
009422
049166
007112
005820
049523
003895
010749
004653
049766
009537
012637
050177
007077
002229
008666
003243
002446
010953
010240
001841
048463
000572
003192
003400
004927
006276
001756
050012
009489
011168
049965
049626
012333
010132
009580
012339
013364
012130
003899
002045
005895
008691
002546
049231
007048
006267
005249
013228
001285
011114
001083
001017
002382
009916
008426
000418
007493
001082
010494
003614
010578
003212
004238
004180
009333
001918
010102
006469
002555
007525
008556
001238
011252
011123
000729
012595
005953
010829
049293
001421
003821
005389
001167
003054
010795
049508
006609
005909
049912
007376
002827
002566
001553
050011
000539
007514
050071
011393
006048
010104
012650
049187
006463
003447
011398
008979
000022
049995
011694
004479
011211
012914
049267
003689
004787
013125
004264
004357
048846
001131
003524
002993
001981
008779
005874
013101
003680
001718
012683
049954
009032
003025
011992
007365
007050
003137
008600
011098
049791
005658
010763
049629
009461
010845
005582
010095
004673
013408
006742
048745
011971
012488
010638
004365
000346
012076
002426
007670
000313
006524
002363
010946
004134
007540
009248
000860
048477
004150
007317
003493
007290
007090
003100
001344
007061
006890
009102
004684
048749
000974
004023
001294
008348
000631
000908
005585
004998
009589
006374
004166
001439
013274
000419
000244
002006
049520
011108
010474
006839
006284
008421
006759
002508
010420
009879
007157
006361
003134
005825
008674
009373
000641
011447
010774
000283
002526
009270
000191
010528
012039
001603
049570
009531
009697
011031
001600
006754
000411
008247
003948
003461
007205
001418
006051
005149
000554
005094
001134
013509
001731
006297
000711
003794
006878
008164
009512
049359
010732
049375
011918
048900
011442
003032
010395
007092
008119
005294
007839
001534
008697
009691
000044
012486
012995
050032
008762
049047
003340
011570
000874
011060
003119
001046
004032
001219
010842
004405
001504
003079
005258
000613
003667
007986
048770
007024
000021
004260
012301
009965
011057
000830
010825
004498
012093
008523
007941
005205
004648
010028
048517
000160
001555
002293
007654
012977
006740
008354
006796
004185
049138
011773
008638
005552
000348
003342
008470
004012
010739
011689
009973
050070
010545
011177
003662
048715
